67 0.789062 0.594444 0.0359375 0.0805556 0.000102411
0 0.988281 0.754861 0.0234375 0.115278 0.000103791
0 0.0859375 0.0548611 0.125 0.109722 0.000104558
27 0.34375 0.826389 0.0375 0.0694444 0.000106432
0 0.0660156 0.383333 0.132031 0.616667 0.000106889
0 0.992969 0.484722 0.0140625 0.108333 0.000106981
27 0.742578 0.616667 0.0757812 0.291667 0.00010965
0 0.976953 0.354861 0.0460938 0.115278 0.000110161
73 0.843359 0.570139 0.111719 0.0847222 0.000111623
0 0.119531 0.153472 0.110937 0.193056 0.000112631
0 0.632422 0.395139 0.0539063 0.0930556 0.000113834
0 0.986328 0.710417 0.0273438 0.0847222 0.000114896
0 0.15625 0.443056 0.123438 0.230556 0.000115275
0 0.513281 0.0881944 0.115625 0.176389 0.000116351
0 0.241406 0.0576389 0.1 0.115278 0.000116754
0 0.432813 0.0534722 0.146875 0.106944 0.000118218
27 0.466797 0.816667 0.0820312 0.330556 0.000120324
38 0.851562 0.761111 0.05 0.222222 0.000120933
27 0.454688 0.613889 0.021875 0.0388889 0.000122888
0 0.146875 0.06875 0.0671875 0.1375 0.000123291
27 0.738672 0.61875 0.225781 0.345833 0.000123557
26 0.162891 0.926389 0.141406 0.147222 0.000125552
0 0.0699219 0.395833 0.0523437 0.116667 0.000126522
26 0.8375 0.800694 0.071875 0.301389 0.000126617
27 0.393359 0.632639 0.0523437 0.0486111 0.000126648
0 0.255859 0.309722 0.0804688 0.225 0.00012684
0 0.105078 0.836111 0.0820312 0.291667 0.000128381
0 0.415234 0.0951389 0.125781 0.190278 0.000128514
0 0.933203 0.215972 0.121094 0.190278 0.000128762
0 0.0304688 0.46875 0.0546875 0.115278 0.000129122
0 0.492969 0.291667 0.117188 0.169444 0.000131364
0 0.0261719 0.176389 0.0507812 0.119444 0.000131724
39 0.826563 0.703472 0.03125 0.120833 0.000133384
0 0.94375 0.58125 0.084375 0.229167 0.000135471
0 0.818359 0.349306 0.185156 0.523611 0.000138006
67 0.794141 0.635417 0.0226563 0.0486111 0.000140252
0 0.542969 0.0534722 0.120312 0.106944 0.000140755
0 0.983984 0.00208333 0.0320312 0.00416667 0.000141784
26 0.7625 0.805556 0.053125 0.283333 0.000146177
0 0.557031 0.19375 0.0890625 0.251389 0.000146528
0 0.957812 0.00416667 0.0828125 0.00833333 0.000147756
0 0.598047 0.288889 0.102344 0.213889 0.000147921
0 0.606641 0.05625 0.0820312 0.1125 0.000148069
67 0.807031 0.636806 0.0265625 0.0569444 0.000155202
0 0.630469 0.154167 0.0671875 0.172222 0.00015543
0 0.988281 0.93125 0.0234375 0.129167 0.000156418
27 0.452344 0.601389 0.034375 0.0638889 0.000156769
27 0.772266 0.546528 0.0445312 0.0986111 0.000156854
26 0.825 0.509028 0.0734375 0.143056 0.000157253
27 0.503516 0.625 0.0445312 0.161111 0.000158629
0 0.0945313 0.0861111 0.06875 0.15 0.000159999
0 0.562891 0.734028 0.233594 0.531944 0.000160198
0 0.983594 0.528472 0.0328125 0.106944 0.00016302
67 0.496094 0.556944 0.0484375 0.0888889 0.000163305
27 0.444141 0.605556 0.0945313 0.144444 0.000164575
0 0.656641 0.509722 0.138281 0.233333 0.000167012
67 0.871484 0.58125 0.0507812 0.0263889 0.000168411
0 0.989453 0.35625 0.0210938 0.184722 0.000169233
0 0.00703125 0.974306 0.0140625 0.0486111 0.000169515
0 0.357422 0.177778 0.114844 0.155556 0.000169865
67 0.475781 0.523611 0.034375 0.0972222 0.000173002
0 0.385938 0.0409722 0.107813 0.0819444 0.000175868
0 0.805078 0.43125 0.0742188 0.181944 0.000176595
0 0.966797 0.0527778 0.0664062 0.105556 0.000176696
27 0.739062 0.445139 0.220313 0.229167 0.000181297
0 0.0105469 0.421528 0.0210938 0.143056 0.000182791
0 0.13125 0.309028 0.090625 0.190278 0.000184364
0 0.015625 0.333333 0.03125 0.116667 0.000185927
0 0.862109 0.128472 0.230469 0.256944 0.000187832
0 0.0683594 0.759722 0.127344 0.194444 0.000188629
0 0.130859 0.625 0.0882813 0.186111 0.000192494
0 0.989844 0.127778 0.0203125 0.180556 0.000192702
0 0.277734 0.423611 0.250781 0.341667 0.000196333
27 0.833984 0.732639 0.0648438 0.204167 0.000201597
0 0.991406 0.249306 0.0171875 0.0708333 0.000203684
27 0.364453 0.751389 0.0273438 0.119444 0.000205298
0 0.945312 0.73125 0.090625 0.273611 0.000208564
0 0.308203 0.149306 0.141406 0.223611 0.000211149
0 0.182422 0.288889 0.124219 0.175 0.000212306
74 0.736328 0.682639 0.0398437 0.0625 0.000212941
0 0.0667969 0.93125 0.0523437 0.123611 0.000213289
27 0.342969 0.729167 0.034375 0.113889 0.000214768
67 0.794922 0.622917 0.0523437 0.0958333 0.000215668
0 0.992188 0.281944 0.015625 0.0777778 0.000220739
0 0.339844 0.0590278 0.121875 0.118056 0.000222412
0 0.991406 0.688889 0.0171875 0.0805556 0.000222864
0 0.677734 0.24375 0.0679687 0.2375 0.000228446
0 0.683203 0.338889 0.266406 0.552778 0.000229017
0 0.0207031 0.667361 0.0414063 0.126389 0.000229548
0 0.967188 0.269444 0.065625 0.122222 0.00023114
0 0.009375 0.556944 0.01875 0.111111 0.000231156
0 0.021875 0.0840278 0.04375 0.134722 0.000240417
0 0.132031 0.490278 0.0984375 0.2 0.000241552
0 0.220703 0.109028 0.119531 0.198611 0.000249696
0 0.765625 0.0555556 0.171875 0.105556 0.000256302
67 0.853516 0.634722 0.0898438 0.152778 0.000259296
0 0.653125 0.331944 0.0828125 0.219444 0.000261211
0 0.561328 0.645139 0.116406 0.568056 0.000261675
27 0.592188 0.655556 0.104687 0.544444 0.000262466
26 0.869141 0.902083 0.0382813 0.173611 0.000269611
0 0.74375 0.0444444 0.0953125 0.0888889 0.000270689
67 0.828906 0.700694 0.0328125 0.106944 0.000273554
0 0.675 0.295139 0.139062 0.426389 0.000276143
67 0.857813 0.606944 0.0546875 0.0666667 0.000289875
0 0.157031 0.35625 0.1125 0.184722 0.000293732
27 0.766797 0.46875 0.0835937 0.231944 0.000297566
0 0.407813 0.179167 0.109375 0.169444 0.00029905
0 0.132031 0.400694 0.103125 0.181944 0.000301419
0 0.285547 0.0472222 0.0898438 0.0944444 0.000305572
0 0.992969 0.534028 0.0140625 0.0930556 0.000307776
67 0.830859 0.56875 0.127344 0.151389 0.000308316
0 0.0929687 0.197917 0.101562 0.1875 0.000310464
27 0.357812 0.709722 0.0296875 0.113889 0.000314653
27 0.385547 0.631944 0.0601562 0.0888889 0.000319813
26 0.117188 0.947222 0.0484375 0.102778 0.000329659
67 0.836328 0.663889 0.0335938 0.130556 0.000330313
0 0.267578 0.172917 0.0882813 0.223611 0.000332014
0 0.728516 0.521528 0.286719 0.295833 0.000332898
0 0.962891 0.397222 0.0539063 0.116667 0.000337027
27 0.675781 0.682639 0.23125 0.620833 0.000338176
0 0.717188 0.0645833 0.134375 0.129167 0.000341025
27 0.788281 0.439583 0.028125 0.0652778 0.000346509
27 0.763281 0.473611 0.0296875 0.111111 0.000347874
0 0.0433594 0.354167 0.0867188 0.202778 0.000355047
0 0.958594 0.504167 0.078125 0.177778 0.000357117
27 0.364844 0.798611 0.0296875 0.105556 0.000357913
67 0.499609 0.5 0.0398437 0.116667 0.000378823
0 0.0824219 0.465972 0.125781 0.2125 0.000383256
27 0.786719 0.550694 0.034375 0.0819444 0.000384738
0 0.980078 0.399306 0.0398437 0.1125 0.000389883
0 0.986719 0.264583 0.0265625 0.0791667 0.000390724
0 0.971484 0.735417 0.0570313 0.240278 0.000391056
27 0.331641 0.823611 0.0367187 0.113889 0.000397975
0 0.0308594 0.930556 0.0554687 0.125 0.000402996
0 0.107813 0.666667 0.1 0.161111 0.000404298
0 0.0136719 0.374306 0.0257812 0.129167 0.000405593
67 0.456641 0.577083 0.0554687 0.106944 0.000407041
0 0.991016 0.511806 0.0179687 0.193056 0.00041742
26 0.709375 0.822222 0.2 0.338889 0.000422876
56 0.987109 0.913889 0.0242187 0.144444 0.000428637
27 0.791797 0.442361 0.0367187 0.131944 0.000436382
74 0.733203 0.657639 0.0289063 0.0902778 0.000451851
27 0.735937 0.524306 0.282813 0.240278 0.000459834
0 0.503516 0.644444 0.0820312 0.483333 0.000471869
27 0.815234 0.477083 0.0367187 0.143056 0.000474232
0 0.991406 0.4 0.0171875 0.122222 0.000490601
0 0.785156 0.413889 0.0234375 0.0527778 0.00050616
0 0.913281 0.436806 0.1375 0.368056 0.000537967
0 0.00820312 0.75625 0.0164062 0.220833 0.000542215
67 0.821875 0.586111 0.078125 0.0916667 0.00054791
0 0.950391 0.116667 0.0992187 0.230556 0.00055205
39 0.825391 0.664583 0.0367187 0.106944 0.000566311
27 0.773438 0.425694 0.04375 0.0513889 0.000572303
0 0.0113281 0.670139 0.0226563 0.179167 0.000574488
26 0.825391 0.520833 0.116406 0.211111 0.000584588
0 0.0144531 0.267361 0.0289063 0.265278 0.000589445
0 0.0425781 0.0618056 0.0789063 0.123611 0.000590176
74 0.739062 0.647917 0.1 0.309722 0.000591862
0 0.0332031 0.754861 0.0664062 0.251389 0.000600083
0 0.441016 0.380556 0.416406 0.638889 0.000607364
0 0.0125 0.803472 0.025 0.123611 0.000615389
67 0.825391 0.6625 0.0382813 0.0888889 0.000623994
27 0.485547 0.671528 0.0539063 0.165278 0.000628229
0 0.988672 0.617361 0.0210938 0.120833 0.00064621
27 0.849219 0.802778 0.0703125 0.308333 0.00065244
0 0.0222656 0.421528 0.0445312 0.173611 0.000655863
0 0.782812 0.106944 0.215625 0.213889 0.000666345
0 0.989453 0.6875 0.0210938 0.188889 0.000670836
0 0.867969 0.598611 0.08125 0.0638889 0.000672366
0 0.571875 0.417361 0.125 0.4125 0.000675328
27 0.633203 0.697917 0.0960938 0.579167 0.000686654
27 0.489453 0.59375 0.0476562 0.126389 0.000693204
0 0.259375 0.307639 0.125 0.340278 0.000698532
0 0.870703 0.611111 0.144531 0.269444 0.000723186
0 0.986328 0.215972 0.0273438 0.343056 0.000724908
0 0.0125 0.599306 0.0234375 0.1125 0.000732997
0 0.0355469 0.851389 0.0710938 0.236111 0.000795691
0 0.00820312 0.843056 0.0164062 0.197222 0.000806167
27 0.416016 0.669444 0.0695312 0.136111 0.000834045
0 0.825781 0.51875 0.121875 0.351389 0.000869497
0 0.822266 0.0722222 0.161719 0.144444 0.000886064
0 0.0113281 0.93125 0.0210938 0.126389 0.00091754
0 0.179688 0.0770833 0.123438 0.154167 0.000920327
0 0.0109375 0.534028 0.021875 0.231944 0.000921673
27 0.776172 0.458333 0.0367187 0.0805556 0.000947305
27 0.351172 0.793056 0.203906 0.413889 0.000991165
0 0.983594 0.440972 0.0328125 0.109722 0.000992221
0 0.991016 0.438889 0.0179687 0.0916667 0.00101927
74 0.483984 0.832639 0.0226563 0.0513889 0.00101928
0 0.0410156 0.448611 0.0820312 0.222222 0.00103377
0 0.979297 0.303472 0.0414063 0.259722 0.0010537
27 0.344922 0.826389 0.0539063 0.252778 0.00106109
0 0.973047 0.640972 0.0539063 0.215278 0.0010699
0 0.0730469 0.291667 0.103906 0.186111 0.00109007
0 0.878906 0.782639 0.13125 0.420833 0.00113515
39 0.827344 0.690278 0.028125 0.0555556 0.00115501
0 0.576172 0.0736111 0.117969 0.136111 0.00116244
0 0.0867188 0.119444 0.110937 0.222222 0.00117625
27 0.785156 0.478472 0.0234375 0.120833 0.00118809
27 0.429297 0.661806 0.108594 0.331944 0.0011894
0 0.946484 0.440278 0.107031 0.277778 0.00119433
0 0.487109 0.488194 0.139844 0.626389 0.0012164
0 0.00664063 0.803472 0.0132813 0.101389 0.00126725
0 0.982422 0.529167 0.0351562 0.227778 0.00127221
67 0.812109 0.620833 0.0414063 0.0805556 0.0012812
0 0.260938 0.0930556 0.109375 0.186111 0.00128261
0 0.182812 0.220139 0.104687 0.168056 0.00131867
0 0.984375 0.08125 0.03125 0.156944 0.00136402
27 0.365234 0.672222 0.0648438 0.144444 0.00136436
67 0.846094 0.595833 0.0359375 0.05 0.00142287
38 0.894922 0.78125 0.191406 0.420833 0.00149054
0 0.845703 0.215278 0.141406 0.419444 0.00151337
27 0.486328 0.685417 0.105469 0.515278 0.0015439
39 0.839844 0.713889 0.0765625 0.386111 0.00155478
0 0.98125 0.780556 0.0375 0.155556 0.00155514
0 0.426953 0.184722 0.216406 0.363889 0.00157776
67 0.834375 0.586111 0.071875 0.0444444 0.00160808
0 0.635547 0.379861 0.0820312 0.143056 0.00161532
0 0.0792969 0.397222 0.0914062 0.169444 0.00161738
67 0.809766 0.601389 0.0679687 0.163889 0.0016223
27 0.766797 0.658333 0.0929687 0.416667 0.00162246
0 0.144922 0.104167 0.135156 0.202778 0.0016384
0 0.632812 0.413194 0.101562 0.293056 0.00164759
0 0.622656 0.651389 0.107813 0.647222 0.00172035
0 0.0199219 0.577083 0.0398437 0.156944 0.0018013
0 0.549219 0.127083 0.123438 0.240278 0.00182204
0 0.164062 0.354167 0.153125 0.322222 0.00192323
0 0.905078 0.351389 0.108594 0.202778 0.00193015
0 0.884766 0.320833 0.174219 0.488889 0.0019505
27 0.434766 0.655556 0.207031 0.683333 0.00195588
26 0.744531 0.706944 0.229687 0.583333 0.0019667
27 0.484766 0.704167 0.0585938 0.416667 0.00201141
0 0.973437 0.432639 0.0515625 0.1875 0.00203942
74 0.735937 0.668056 0.04375 0.133333 0.00212897
67 0.475781 0.606944 0.0953125 0.208333 0.0022261
0 0.280078 0.264583 0.219531 0.448611 0.00222732
0 0.919531 0.581944 0.160938 0.405556 0.00222836
0 0.0914062 0.536111 0.0859375 0.219444 0.00224582
0 0.123828 0.185417 0.166406 0.343056 0.00226581
27 0.388672 0.675694 0.0617188 0.140278 0.00227715
0 0.0730469 0.876389 0.133594 0.236111 0.00230976
67 0.461328 0.585417 0.0320312 0.0791667 0.00232845
0 0.603906 0.115972 0.14375 0.223611 0.00237632
0 0.616016 0.225 0.0882813 0.255556 0.00240202
0 0.857422 0.559722 0.171094 0.830556 0.00241806
0 0.984766 0.865278 0.0304688 0.25 0.0024182
26 0.859766 0.849306 0.0554687 0.281944 0.0024197
27 0.808203 0.516667 0.103906 0.325 0.00243895
0 0.108984 0.709028 0.124219 0.501389 0.00244029
0 0.0363281 0.122222 0.0726563 0.230556 0.00248655
67 0.827734 0.691667 0.0257812 0.0555556 0.0026168
67 0.861719 0.582639 0.075 0.0402778 0.00272016
0 0.483203 0.263194 0.182031 0.4875 0.00272025
67 0.830859 0.597222 0.0414063 0.0611111 0.00290936
0 0.015625 0.884722 0.03125 0.211111 0.00302819
27 0.792969 0.575 0.065625 0.263889 0.00305317
0 0.991406 0.579861 0.0171875 0.1375 0.00305924
0 0.0320312 0.668056 0.0640625 0.186111 0.00309138
27 0.785937 0.420833 0.021875 0.05 0.00328862
27 0.324609 0.81875 0.0851562 0.354167 0.00331443
0 0.263672 0.165278 0.136719 0.327778 0.00361155
67 0.810547 0.611806 0.105469 0.293056 0.0037616
0 0.108203 0.397222 0.127344 0.297222 0.00408935
73 0.844922 0.613889 0.114844 0.233333 0.00418944
39 0.817969 0.65 0.128125 0.472222 0.00421126
0 0.211719 0.377778 0.201562 0.486111 0.0042269
27 0.377734 0.721528 0.0585938 0.229167 0.00424662
0 0.474609 0.5 0.780469 1 0.00428635
67 0.501953 0.491667 0.0304688 0.0638889 0.00440815
0 0.0976562 0.288889 0.123438 0.291667 0.00446549
67 0.480469 0.604167 0.159375 0.361111 0.00452137
67 0.492969 0.528472 0.034375 0.1125 0.00452545
0 0.546875 0.338194 0.225 0.520833 0.00459114
0 0.676562 0.0805556 0.0890625 0.152778 0.00468006
0 0.0839844 0.64375 0.130469 0.276389 0.00471784
27 0.763281 0.509722 0.04375 0.166667 0.00481765
73 0.846484 0.609722 0.0960938 0.102778 0.00526071
0 0.0195312 0.75 0.0390625 0.405556 0.00533766
38 0.857422 0.836806 0.0492188 0.284722 0.0053814
0 0.360156 0.284028 0.1625 0.320833 0.00545366
0 0.457422 0.11875 0.132031 0.234722 0.00550139
39 0.833984 0.638889 0.0617188 0.0916667 0.00571973
39 0.819922 0.652778 0.0789063 0.194444 0.00677012
0 0.876562 0.323611 0.123438 0.288889 0.00728598
0 0.965234 0.538194 0.0695312 0.365278 0.0073011
0 0.0625 0.220833 0.121875 0.366667 0.00734197
27 0.43125 0.789583 0.135937 0.3875 0.00747595
0 0.783984 0.225 0.300781 0.45 0.00789603
0 0.969922 0.833333 0.0601562 0.316667 0.00795466
0 0.349219 0.111111 0.13125 0.222222 0.00813622
67 0.830859 0.627778 0.0445312 0.102778 0.00816862
27 0.478125 0.58125 0.0265625 0.0736111 0.00825616
0 0.188672 0.169444 0.136719 0.311111 0.00828828
0 0.983594 0.696528 0.0328125 0.379167 0.00845634
26 0.742969 0.840972 0.0796875 0.318056 0.00859965
27 0.345313 0.731944 0.0640625 0.255556 0.00879103
0 0.0386719 0.386111 0.0773437 0.511111 0.00947057
26 0.776563 0.808333 0.157813 0.377778 0.0102925
0 0.0214844 0.330556 0.0429688 0.211111 0.0103887
27 0.796875 0.720139 0.192188 0.545833 0.0105346
0 0.0683594 0.361111 0.128906 0.338889 0.0114716
0 0.0390625 0.606944 0.0765625 0.347222 0.0116014
73 0.820703 0.677083 0.128906 0.548611 0.0116323
0 0.963672 0.357639 0.0726563 0.229167 0.011873
0 0.935938 0.647917 0.121875 0.218056 0.0119913
0 0.169141 0.494444 0.196094 0.525 0.0123795
0 0.400391 0.714583 0.208594 0.520833 0.0137944
26 0.799609 0.504167 0.0601562 0.138889 0.0142742
0 0.986328 0.610417 0.0273438 0.209722 0.0145168
67 0.846875 0.597917 0.1 0.0736111 0.0147505
67 0.473828 0.583333 0.0304688 0.0805556 0.0147972
0 0.112109 0.525 0.132031 0.419444 0.0164994
27 0.774609 0.545139 0.0523437 0.254167 0.0167922
0 0.579297 0.195833 0.153906 0.386111 0.0169021
27 0.410547 0.736806 0.0820312 0.248611 0.0205355
0 0.0296875 0.51875 0.059375 0.256944 0.02069
73 0.858984 0.590278 0.0742188 0.05 0.0216436
27 0.798437 0.498611 0.05625 0.155556 0.0225172
38 0.846875 0.792361 0.0859375 0.393056 0.0253064
0 0.619922 0.497222 0.213281 0.894444 0.026171
27 0.802734 0.648611 0.0929687 0.413889 0.0274317
0 0.028125 0.24375 0.05625 0.351389 0.0316369
0 0.933203 0.205556 0.133594 0.408333 0.0326954
0 0.680078 0.181944 0.102344 0.352778 0.032794
0 0.0640625 0.746528 0.128125 0.479167 0.033932
67 0.49375 0.515278 0.025 0.0638889 0.0375905
26 0.840234 0.743056 0.103906 0.480556 0.0467515
0 0.932031 0.76875 0.132812 0.451389 0.0486794
0 0.0484375 0.915278 0.0953125 0.166667 0.0551133
27 0.773828 0.530556 0.172656 0.672222 0.0567314
0 0.520703 0.628472 0.402344 0.734722 0.0570815
0 0.617578 0.3125 0.125781 0.513889 0.0582386
27 0.390625 0.793056 0.0796875 0.397222 0.0610335
0 0.0613281 0.534028 0.121094 0.306944 0.0748434
0 0.780469 0.515278 0.04375 0.175 0.0854519
67 0.480859 0.563889 0.0320312 0.0833333 0.199361
27 0.782812 0.506944 0.0359375 0.141667 0.261517
0 0.327344 0.634028 0.4625 0.731944 0.666693
27 0.366797 0.796528 0.0429688 0.379167 0.675119
0 0.736328 0.533333 0.311719 0.933333 0.879861
