0 0.861728 0.664815 0.123457 0.283333 0.000100125
0 0.592593 0.456019 0.0567901 0.0583333 0.000100336
26 0.248765 0.501852 0.0333333 0.0407407 0.000101372
0 0.9 0.00925926 0.0246914 0.0166667 0.000101897
26 0.0141975 0.729167 0.0259259 0.0638889 0.000102604
26 0.985802 0.559722 0.0283951 0.0583333 0.000102874
58 0.832716 0.217593 0.0753086 0.0592593 0.000102935
58 0.896914 0.15 0.18642 0.153704 0.000104077
67 0.0561728 0.505556 0.0506173 0.05 0.000105119
0 0.211111 0.671296 0.0839506 0.0981481 0.000105177
0 0.908642 0.348148 0.0567901 0.0277778 0.000105262
0 0.0462963 0.543981 0.062963 0.0490741 0.000105661
26 0.167284 0.613426 0.179012 0.171296 0.000107233
26 0.379012 0.559259 0.0271605 0.0611111 0.000108091
26 0.221605 0.530556 0.0530864 0.0592593 0.000108198
0 0.627778 0.452778 0.107407 0.151852 0.000108217
0 0.30679 0.386574 0.411111 0.271296 0.000108572
26 0.146296 0.731019 0.0950617 0.0805556 0.00010935
26 0.0864198 0.729167 0.0716049 0.108333 0.000110021
58 0.98642 0.191667 0.0271605 0.0777778 0.000111148
0 0.274074 0.382407 0.0444444 0.0740741 0.000112674
0 0.697531 0.350463 0.0493827 0.0342593 0.000113762
0 0.198148 0.434722 0.0333333 0.0342593 0.000114688
0 0.478395 0.412963 0.0901235 0.12963 0.000115028
0 0.844444 0.233333 0.0691358 0.0481481 0.000115111
58 0.725309 0.0416667 0.0481481 0.0351852 0.000115345
26 0.107407 0.694444 0.0987654 0.0851852 0.000116578
58 0.0216049 0.109259 0.0432099 0.087037 0.000116841
0 0.292593 0.373611 0.0765432 0.115741 0.000117045
2 0.495062 0.600926 0.861728 0.301852 0.000117723
0 0.767284 0.6125 0.465432 0.378704 0.000118386
56 0.658025 0.0356481 0.0814815 0.037963 0.000119995
0 0.808642 0.0208333 0.017284 0.0416667 0.000120212
0 0.545062 0.65463 0.0777778 0.0925926 0.000120619
0 0.694444 0.408796 0.0654321 0.0657407 0.000125591
0 0.332716 0.373148 0.0333333 0.037037 0.000125695
26 0.424074 0.615741 0.0283951 0.0537037 0.000126647
0 0.741358 0.452778 0.0703704 0.0611111 0.000127868
26 0.280864 0.563426 0.102469 0.171296 0.000128528
58 0.0567901 0.148611 0.106173 0.163889 0.000128688
0 0.00740741 0.50787 0.0148148 0.0546296 0.00013004
0 0.924691 0.994907 0.0592593 0.0101852 0.000130897
26 0.405556 0.64213 0.0506173 0.0694444 0.000133427
24 0.969136 0.518519 0.0567901 0.0833333 0.000134078
0 0.832716 0.243056 0.137037 0.037963 0.000135505
26 0.0320988 0.716204 0.0567901 0.0490741 0.000138487
1 0.859259 0.0671296 0.108642 0.0490741 0.000139192
0 0.320988 0.683796 0.103704 0.200926 0.000139872
13 0.674074 0.0361111 0.118519 0.0425926 0.00013995
26 0.0617284 0.728241 0.0716049 0.121296 0.000139976
0 0.182099 0.396296 0.0358025 0.0425926 0.00014081
0 0.335802 0.41713 0.0419753 0.0601852 0.000141779
58 0.841975 0.194907 0.091358 0.0898148 0.000141789
0 0.517901 0.418519 0.0777778 0.101852 0.000143815
5 0.812963 0.408333 0.297531 0.181481 0.000145025
2 0.461728 0.00833333 0.190123 0.0166667 0.000146467
0 0.372222 0.430556 0.045679 0.05 0.000146992
0 0.979012 0.343056 0.037037 0.0824074 0.000147691
0 0.2 0.444907 0.0469136 0.0361111 0.000148444
26 0.0382716 0.605093 0.0617284 0.0546296 0.00014864
0 0.262963 0.419444 0.0444444 0.0462963 0.000150207
0 0.96358 0.361574 0.0654321 0.149074 0.000152027
58 0.103086 0.235185 0.188889 0.0925926 0.000152943
0 0.932099 0.40787 0.0493827 0.0324074 0.000156488
56 0.440741 0.193519 0.0740741 0.0574074 0.000157736
0 0.806173 0.458333 0.0666667 0.0407407 0.000158981
58 0.12716 0.193981 0.148148 0.0768519 0.000159143
26 0.391358 0.618519 0.0641975 0.0555556 0.000159771
0 0.148148 0.425926 0.0641975 0.0462963 0.000160479
26 0.204321 0.480556 0.082716 0.0907407 0.000161554
73 0.891358 0.0199074 0.0296296 0.037963 0.000161903
0 0.434568 0.464352 0.0617284 0.0768519 0.000163394
26 0.410494 0.525926 0.0358025 0.0407407 0.000164107
26 0.37716 0.559722 0.0604938 0.0805556 0.000164509
0 0.424691 0.456019 0.0444444 0.0435185 0.000165041
0 0.677161 0.419907 0.0679012 0.0694444 0.00016792
0 0.744444 0.425926 0.0617284 0.0611111 0.000170344
9 0.992593 0.299537 0.0148148 0.0527778 0.000170372
0 0.388889 0.44537 0.0444444 0.0481481 0.000170836
27 0.15 0.455556 0.0333333 0.0314815 0.000171226
26 0.0555556 0.498611 0.0518519 0.0657407 0.000171332
0 0.183951 0.406481 0.0222222 0.0407407 0.00017198
56 0.0462963 0.55463 0.062963 0.0611111 0.000172066
0 0.9 0.37963 0.0395062 0.0222222 0.000172644
56 0.922222 0.0675926 0.0345679 0.0518519 0.00017414
0 0.125926 0.431944 0.232099 0.102778 0.00017474
26 0.062963 0.715741 0.0493827 0.0574074 0.00017514
0 0.937654 0.448611 0.062963 0.037963 0.000176862
27 0.164198 0.492593 0.103704 0.105556 0.00017728
7 0.5 0.656018 1 0.349074 0.000178051
26 0.27963 0.593056 0.0654321 0.117593 0.000178922
24 0.982716 0.45463 0.0345679 0.1 0.000180393
0 0.125926 0.68287 0.103704 0.0657407 0.000180505
26 0.947531 0.579167 0.0432099 0.0675926 0.000181232
58 0.990741 0.299537 0.0185185 0.0601852 0.000184491
0 0.112346 0.425926 0.037037 0.0574074 0.000185399
0 0.909877 0.715741 0.175309 0.227778 0.000188207
26 0.375309 0.680093 0.0864198 0.0861111 0.000189368
0 0.137037 0.396296 0.0666667 0.05 0.000189483
58 0.67284 0.0273148 0.0395062 0.0398148 0.000191071
26 0.32037 0.596296 0.0555556 0.0666667 0.000191148
0 0.442593 0.460185 0.260494 0.385185 0.000191576
0 0.20679 0.440741 0.062963 0.0592593 0.000192555
6 0.475926 0.0134259 0.181481 0.0268519 0.000193847
1 0.921605 0.0671296 0.0358025 0.0546296 0.000193932
0 0.0833333 0.661574 0.166667 0.312037 0.000193971
27 0.335802 0.489815 0.0469136 0.0444444 0.000194874
0 0.0179012 0.479167 0.0283951 0.0972222 0.000196961
0 0.637654 0.387037 0.245679 0.211111 0.000198577
0 0.162963 0.456481 0.175309 0.185185 0.000199824
0 0.490123 0.0134259 0.153086 0.0268519 0.000204393
58 0.695062 0.0263889 0.037037 0.0416667 0.000208269
26 0.245062 0.5875 0.0753086 0.139815 0.000208288
0 0.824074 0.394444 0.228395 0.172222 0.000213415
0 0.882099 0.462963 0.235802 0.357407 0.000214452
0 0.252469 0.469444 0.0333333 0.0425926 0.000217102
0 0.266049 0.393056 0.0654321 0.115741 0.000217955
0 0.625309 0.438426 0.1 0.0731481 0.000222038
0 0.187037 0.433333 0.0333333 0.0222222 0.000225882
0 0.217284 0.414815 0.0765432 0.0814815 0.000226328
26 0.202469 0.586574 0.101235 0.100926 0.000227756
0 0.0191358 0.778704 0.0382716 0.0592593 0.000228877
27 0.198148 0.466204 0.0679012 0.0731481 0.000231179
26 0.943827 0.592593 0.0851852 0.0777778 0.000234948
0 0.653704 0.417593 0.0876543 0.0907407 0.000234997
36 0.912963 0.79537 0.174074 0.0555556 0.000235075
0 0.897531 0.410185 0.0419753 0.0222222 0.000241888
27 0.325926 0.430093 0.0345679 0.0527778 0.000242229
67 0.182716 0.418981 0.0271605 0.037963 0.000245235
5 0.719136 0.458333 0.312346 0.468519 0.000246284
0 0.0438272 0.427778 0.0580247 0.0425926 0.000250182
5 0.5 0.247222 1 0.2 0.00025048
27 0.190123 0.488889 0.0222222 0.0592593 0.000252483
26 0.268519 0.499074 0.045679 0.0277778 0.000256548
0 0.384568 0.416204 0.0555556 0.0731481 0.00025731
0 0.21358 0.440741 0.333333 0.401852 0.000258477
26 0.0518519 0.580093 0.0469136 0.0638889 0.000258537
56 0.579012 0.157407 0.103704 0.0351852 0.000259905
0 0.0123457 0.565278 0.0246914 0.0657407 0.000262505
0 0.445679 0.4375 0.0765432 0.075 0.000265065
26 0.0771605 0.68287 0.0358025 0.0583333 0.000265707
73 0.891358 0.0087963 0.0271605 0.0175926 0.00026782
0 0.942593 0.4 0.0382716 0.0333333 0.00026975
0 0.0135802 0.523148 0.0246914 0.0388889 0.000269905
26 0.17284 0.538426 0.150617 0.175 0.000272548
26 0.410494 0.526852 0.0432099 0.0833333 0.000275443
0 0.810494 0.00648148 0.0185185 0.012963 0.000277147
0 0.253704 0.537037 0.0851852 0.261111 0.000278554
0 0.774691 0.362963 0.0555556 0.0425926 0.000278807
0 0.124074 0.431019 0.132099 0.0787037 0.000278991
0 0.207407 0.715741 0.140741 0.175926 0.000280954
26 0.433333 0.48287 0.195062 0.326852 0.000284914
0 0.0135802 0.353704 0.0246914 0.0388889 0.000291435
0 0.165432 0.612037 0.180247 0.17037 0.000293502
0 0.391975 0.460185 0.0382716 0.037037 0.000294691
2 0.118519 0.462963 0.237037 0.181481 0.000295025
27 0.374691 0.443519 0.0407407 0.0444444 0.000295404
26 0.0117284 0.632407 0.0234568 0.062963 0.000296723
26 0.967901 0.54537 0.0617284 0.0796296 0.000297114
26 0.199383 0.479167 0.0382716 0.0601852 0.00029801
58 0.982716 0.156944 0.0320988 0.037963 0.000301334
0 0.545062 0.393056 0.84321 0.39537 0.000303155
0 0.904321 0.368981 0.0506173 0.0361111 0.000305084
27 0.340741 0.433333 0.0320988 0.0388889 0.000309687
26 0.431481 0.51713 0.0308642 0.0175926 0.000310256
5 0.897531 0.320833 0.204938 0.275 0.000311058
26 0.296914 0.628241 0.0432099 0.0435185 0.000313365
1 0.861111 0.0634259 0.0530864 0.0361111 0.000314168
0 0.909877 0.383796 0.17037 0.132407 0.000320578
73 0.904938 0.0365741 0.0345679 0.0435185 0.000321414
27 0.177778 0.444444 0.108642 0.133333 0.000322281
0 0.531482 0.460648 0.161728 0.20463 0.000329446
67 0.132099 0.407407 0.0271605 0.0333333 0.000329969
26 0.212963 0.533333 0.0876543 0.272222 0.000330188
26 0.416667 0.609722 0.0407407 0.100926 0.000330227
0 0.262346 0.458796 0.0259259 0.0435185 0.000330319
0 0.909259 0.992593 0.112346 0.0148148 0.000331503
0 0.0240741 0.350463 0.0382716 0.0416667 0.000333002
0 0.901235 0.370833 0.037037 0.0194444 0.000333936
39 0.891358 0.408796 0.0419753 0.0212963 0.000334232
58 0.552469 0.0152778 0.0333333 0.0305556 0.000337615
26 0.187037 0.694907 0.0679012 0.0953704 0.000346425
26 0.35679 0.519907 0.120988 0.110185 0.000346621
26 0.0709877 0.529167 0.0234568 0.087963 0.000348051
58 0.952469 0.236111 0.0950617 0.185185 0.000349814
26 0.983951 0.581481 0.0320988 0.0648148 0.000351189
0 0.840123 0.00833333 0.0333333 0.0166667 0.000352304
26 0.37716 0.631019 0.0530864 0.0583333 0.00035393
0 0.127778 0.396759 0.0308642 0.0546296 0.000356256
67 0.261111 0.458796 0.0209877 0.0398148 0.000360313
5 0.0487654 0.390741 0.0975309 0.175926 0.000361112
0 0.283333 0.564815 0.107407 0.22963 0.000361578
26 0.0654321 0.507407 0.0296296 0.0555556 0.000364435
27 0.358642 0.431944 0.0481481 0.0435185 0.000367964
0 0.829012 0.00601852 0.0382716 0.012037 0.000368938
58 0.811111 0.0611111 0.0222222 0.0296296 0.00037542
58 0.832099 0.0532407 0.0469136 0.0416667 0.000376462
26 0.322839 0.638889 0.082716 0.037037 0.000381074
0 0.388889 0.606019 0.0864198 0.139815 0.000381556
0 0.00987654 0.507407 0.0197531 0.103704 0.000383443
26 0.0703704 0.518519 0.017284 0.0462963 0.000386934
0 0.320988 0.416667 0.0395062 0.0685185 0.000393864
0 0.915432 0.603704 0.164198 0.205556 0.000393971
0 0.820988 0.362963 0.0395062 0.0407407 0.000397698
0 0.183951 0.418981 0.0320988 0.0453704 0.000398003
58 0.1 0.178241 0.2 0.180556 0.000401115
0 0.180247 0.451389 0.0987654 0.119444 0.000401314
27 0.15 0.430556 0.0530864 0.0259259 0.000404868
2 0.0203704 0.42963 0.0283951 0.0851852 0.00040581
0 0.497531 0.00601852 0.0419753 0.012037 0.000408231
0 0.320988 0.478704 0.0716049 0.0703704 0.000411534
0 0.507407 0.456944 0.0469136 0.0675926 0.000411733
0 0.714198 0.453704 0.0432099 0.0555556 0.00041295
0 0.493827 0.00740741 0.108642 0.0148148 0.000416869
58 0.694444 0.0259259 0.0777778 0.0481481 0.000425337
26 0.338272 0.596296 0.0395062 0.0574074 0.000426161
0 0.264198 0.444444 0.0345679 0.0592593 0.000426322
67 0.18642 0.434259 0.0296296 0.0185185 0.000430022
67 0.402469 0.470833 0.0493827 0.0509259 0.000432197
26 0.97037 0.441667 0.0345679 0.0351852 0.000436923
0 0.262346 0.463426 0.161728 0.24537 0.000439451
0 0.143827 0.70787 0.109877 0.0972222 0.000443854
0 0.0635802 0.429167 0.0333333 0.0546296 0.000444509
0 0.568519 0.456944 0.0728395 0.0601852 0.000445537
58 0.959259 0.189352 0.0814815 0.0935185 0.000448534
2 0.865432 0.538889 0.254321 0.314815 0.000449308
0 0.987037 0.427778 0.0234568 0.0444444 0.000456243
56 0.585802 0.193519 0.102469 0.0851852 0.000461831
26 0.216667 0.602778 0.0481481 0.087037 0.000465348
0 0.840123 0.0217593 0.0407407 0.0416667 0.000468994
2 0.00925926 0.418981 0.0185185 0.0824074 0.000477079
0 0.683333 0.0259259 0.124691 0.0518519 0.000477459
0 0.798765 0.387037 0.120988 0.0666667 0.000479748
25 0.157407 0.255556 0.169136 0.0666667 0.000481235
0 0.00617284 0.441204 0.0123457 0.0453704 0.000485724
26 0.346296 0.656944 0.0975309 0.15463 0.000490719
27 0.318519 0.443056 0.0296296 0.0287037 0.000497785
73 0.840741 0.00740741 0.0320988 0.0148148 0.000504034
0 0.956173 0.417593 0.0777778 0.101852 0.000505198
27 0.970988 0.442593 0.0358025 0.0333333 0.000515671
0 0.412963 0.441667 0.0703704 0.0722222 0.000516879
0 0.905556 0.44213 0.0703704 0.0490741 0.000519557
73 0.840123 0.0208333 0.0382716 0.0416667 0.000522583
12 0.840123 0.608333 0.0481481 0.124074 0.000523804
0 0.0493827 0.632407 0.0814815 0.137037 0.000524339
27 0.323457 0.442593 0.0617284 0.062963 0.000526152
1 0.911111 0.0787037 0.054321 0.0296296 0.000526453
0 0.867284 0.00972222 0.0333333 0.0194444 0.000529481
27 0.359259 0.443519 0.037037 0.037037 0.000529874
24 0.971605 0.452315 0.0395062 0.0657407 0.000537125
0 0.740123 0.0152778 0.0283951 0.0305556 0.000552438
0 0.373457 0.443519 0.082716 0.0981481 0.000557261
0 0.88642 0.372685 0.0814815 0.0509259 0.00055819
26 0.414815 0.483333 0.054321 0.0833333 0.000564412
0 0.641975 0.456481 0.0716049 0.0611111 0.000565176
0 0.0141975 0.755556 0.0283951 0.0962963 0.000565906
0 0.785802 0.371759 0.0753086 0.0694444 0.000566101
26 0.400617 0.531944 0.0876543 0.187963 0.000569915
26 0.357407 0.626389 0.0580247 0.0509259 0.000587709
27 0.188272 0.490278 0.0333333 0.0972222 0.000601577
2 0.891975 0.565741 0.0950617 0.127778 0.000602214
0 0.995679 0.32963 0.00864198 0.05 0.000604074
1 0.887037 0.037963 0.0481481 0.0611111 0.000606988
0 0.712963 0.433333 0.0382716 0.0481481 0.000614728
26 0.382716 0.499537 0.0617284 0.0490741 0.000614959
73 0.867901 0.00925926 0.0345679 0.0185185 0.000616758
0 0.0518519 0.443981 0.0641975 0.137963 0.000621502
26 0.0179012 0.706019 0.0333333 0.0638889 0.00063477
27 0.153086 0.443056 0.054321 0.0268519 0.000648996
67 0.131481 0.418056 0.0283951 0.025 0.000649935
0 0.94321 0.406019 0.0592593 0.0509259 0.000650386
26 0.354938 0.606944 0.0506173 0.0564815 0.000656791
67 0.284568 0.470833 0.0308642 0.0435185 0.000657359
7 0.0117284 0.471296 0.0209877 0.12963 0.000674402
0 0.0185185 0.428704 0.0246914 0.037037 0.000674773
0 0.374691 0.539352 0.462963 0.530556 0.000676791
0 0.810494 0.0356481 0.0283951 0.0712963 0.000706575
24 0.959259 0.446296 0.0419753 0.0388889 0.000709648
0 0.848765 0.370833 0.0654321 0.0472222 0.000713154
58 0.772222 0.0328704 0.15679 0.0638889 0.000715888
0 0.367901 0.405556 0.0419753 0.0555556 0.000732973
73 0.92037 0.05 0.0382716 0.0703704 0.000740317
26 0.391975 0.513889 0.062963 0.0592593 0.000740605
24 0.932716 0.442593 0.0728395 0.0518519 0.000750431
0 0.0654321 0.5375 0.0666667 0.239815 0.000750984
58 0.62037 0.00972222 0.0283951 0.0194444 0.000759155
0 0.124074 0.413426 0.0358025 0.0435185 0.000769556
27 0.982716 0.433796 0.0246914 0.037963 0.000773939
27 0.15 0.430556 0.114815 0.0444444 0.000777568
0 0.214198 0.539352 0.122222 0.376852 0.000779546
67 0.983333 0.416667 0.0259259 0.0555556 0.000791402
27 0.182099 0.513426 0.12716 0.187963 0.000796475
26 0.906173 0.535185 0.111111 0.15 0.000798395
0 0.525926 0.0125 0.0617284 0.025 0.000804044
56 0.65679 0.025 0.0567901 0.0444444 0.000807811
0 0.118519 0.537963 0.138272 0.275926 0.000809933
67 0.257407 0.472685 0.0283951 0.0324074 0.000828571
5 0.119753 0.465278 0.239506 0.352778 0.000836538
26 0.380864 0.644444 0.0851852 0.0851852 0.0008431
27 0.347531 0.460648 0.0481481 0.0342593 0.000843421
1 0.879012 0.062963 0.0518519 0.0425926 0.000849441
26 0.259259 0.491667 0.0493827 0.0388889 0.00085246
26 0.344444 0.581481 0.138272 0.111111 0.000860521
0 0.718518 0.4125 0.177778 0.152778 0.000867404
0 0.69321 0.434722 0.0703704 0.0712963 0.000868328
58 0.788889 0.037037 0.0592593 0.0740741 0.000873455
58 0.812346 0.037963 0.0271605 0.0740741 0.000925297
0 0.00925926 0.456481 0.0185185 0.133333 0.000927917
0 0.541975 0.0101852 0.0395062 0.0203704 0.000930036
9 0.995062 0.314815 0.00987654 0.0481481 0.000930297
26 0.0135802 0.660648 0.0271605 0.0583333 0.000933894
67 0.258642 0.491667 0.0506173 0.0388889 0.000937716
0 0.350617 0.639352 0.125926 0.226852 0.000952918
73 0.870988 0.0208333 0.0333333 0.0416667 0.000964625
0 0.988272 0.368056 0.0234568 0.075 0.000971892
58 0.709877 0.037037 0.0271605 0.0296296 0.00097997
0 0.264815 0.47037 0.0382716 0.0518519 0.000991064
0 0.873457 0.0277778 0.0432099 0.0555556 0.00100967
26 0.423457 0.514352 0.0469136 0.0305556 0.00101195
58 0.979012 0.169444 0.0419753 0.05 0.00101445
0 0.0703704 0.541204 0.0320988 0.14537 0.00101653
58 0.855556 0.222685 0.116049 0.10463 0.00104414
0 0.183951 0.518519 0.128395 0.237037 0.00104969
0 0.353704 0.455093 0.220988 0.219444 0.00108872
58 0.551235 0.0162037 0.0851852 0.0324074 0.00110172
0 0.532716 0.457407 0.0654321 0.0722222 0.00112337
0 0.995062 0.348148 0.00987654 0.0481481 0.00113795
27 0.365432 0.482407 0.0592593 0.0574074 0.0011458
0 0.287037 0.451852 0.0506173 0.0777778 0.00115708
0 0.0117284 0.402778 0.0234568 0.12037 0.00115713
27 0.398148 0.471296 0.0432099 0.0518519 0.00115798
0 0.980247 0.438426 0.037037 0.132407 0.00117157
0 0.318519 0.462963 0.103704 0.116667 0.00117404
67 0.291975 0.486111 0.0185185 0.0314815 0.00117751
26 0.404938 0.631019 0.0716049 0.112037 0.00117762
58 0.540741 0.0101852 0.037037 0.0203704 0.00117979
56 0.635802 0.0236111 0.054321 0.0453704 0.00118473
0 0.354321 0.475 0.108642 0.0925926 0.00118842
58 0.833951 0.0365741 0.062963 0.0712963 0.00119181
27 0.153086 0.485648 0.222222 0.271296 0.00119813
0 0.812346 0.372685 0.054321 0.0527778 0.00119987
67 0.167284 0.425 0.0382716 0.0240741 0.00120535
73 0.738272 0.0203704 0.0345679 0.0407407 0.00120741
0 0.27284 0.434259 0.111111 0.105556 0.00124363
25 0.0234568 0.346296 0.0419753 0.0296296 0.00124722
26 0.166049 0.706944 0.12963 0.0916667 0.00124747
67 0.317284 0.460648 0.0296296 0.025 0.00125022
0 0.343827 0.378241 0.0432099 0.0398148 0.00125144
27 0.358025 0.443519 0.091358 0.101852 0.00125337
58 0.740123 0.0439815 0.0308642 0.0305556 0.0012545
0 0.298765 0.446759 0.0345679 0.0527778 0.00126905
36 0.874074 0.789815 0.0938272 0.0537037 0.00128049
26 0.0296296 0.658333 0.0567901 0.062963 0.00130657
0 0.974691 0.396759 0.0506173 0.0768519 0.00131796
0 0.0734568 0.706481 0.0580247 0.109259 0.00132975
27 0.334568 0.472685 0.0419753 0.0342593 0.00134212
26 0.966667 0.540741 0.0666667 0.2 0.0013442
9 0.585185 0.155556 0.118519 0.0351852 0.00139527
27 0.296914 0.448148 0.0283951 0.0444444 0.00140092
26 0.0506173 0.589815 0.0617284 0.131481 0.00140443
26 0.417284 0.506481 0.0469136 0.0574074 0.00143557
0 0.832716 0.0365741 0.0555556 0.0712963 0.00148112
24 0.960494 0.448611 0.0716049 0.110185 0.00148702
67 0.315432 0.475 0.0703704 0.0481481 0.00149131
0 0.514198 0.00694444 0.045679 0.0138889 0.00149691
0 0.990741 0.413426 0.0185185 0.0472222 0.00152064
67 0.283333 0.471296 0.0209877 0.0296296 0.00153989
25 0.0222222 0.331944 0.0444444 0.0509259 0.00157628
0 0.72284 0.435185 0.0604938 0.0796296 0.00160278
12 0.832099 0.606944 0.037037 0.0675926 0.00164928
27 0.17716 0.460648 0.045679 0.0675926 0.00167176
67 0.290741 0.452778 0.0407407 0.0685185 0.0017041
0 0.123457 0.486574 0.246914 0.397222 0.00172345
0 0.903086 0.548148 0.112346 0.157407 0.00172625
73 0.903704 0.0490741 0.054321 0.0740741 0.00173091
67 0.294444 0.481944 0.0407407 0.037963 0.00173124
58 0.63642 0.0101852 0.0530864 0.0203704 0.0017431
0 0.117284 0.693981 0.140741 0.160185 0.00174733
1 0.894444 0.0638889 0.0604938 0.0574074 0.00179003
26 0.967284 0.58287 0.062963 0.0861111 0.00181472
26 0.0444444 0.485185 0.0765432 0.259259 0.00181746
5 0.848765 0.483333 0.302469 0.459259 0.00183069
26 0.31358 0.597222 0.0839506 0.114815 0.00183779
0 0.63642 0.0101852 0.0530864 0.0203704 0.00188043
0 0.657407 0.012037 0.0308642 0.0240741 0.00189319
0 0.283951 0.568519 0.133333 0.418519 0.00190938
0 0.852469 0.0300926 0.0604938 0.0601852 0.0019141
0 0.17963 0.44537 0.0259259 0.0296296 0.00192243
0 0.0524691 0.434259 0.104938 0.185185 0.00193044
0 0.0203704 0.430556 0.0283951 0.0888889 0.00194004
0 0.120988 0.415741 0.0197531 0.0277778 0.00200026
0 0.00555556 0.419907 0.0111111 0.0472222 0.00203429
58 0.167284 0.192593 0.0679012 0.0537037 0.00204467
0 0.740123 0.368981 0.0950617 0.0583333 0.00207482
0 0.359259 0.415278 0.0716049 0.0731481 0.0021306
27 0.361728 0.46713 0.0444444 0.0435185 0.00217196
0 0.548148 0.456019 0.0493827 0.0527778 0.00217689
0 0.280864 0.408796 0.0604938 0.0731481 0.00218953
58 0.657407 0.0226852 0.137037 0.0453704 0.0022145
0 0.709259 0.362037 0.0753086 0.0537037 0.00225091
0 0.273457 0.438426 0.0481481 0.0861111 0.00225726
0 0.732099 0.0236111 0.0395062 0.0472222 0.00228226
58 0.656173 0.0157407 0.0432099 0.0314815 0.00243745
27 0.339506 0.480093 0.0814815 0.0490741 0.00243815
27 0.164815 0.478241 0.0604938 0.0712963 0.0024468
0 0.0740741 0.7125 0.133333 0.150926 0.00253993
26 0.0759259 0.706944 0.0432099 0.087963 0.00264893
7 0.280864 0.509722 0.561728 0.567593 0.00278042
58 0.739506 0.0282407 0.0345679 0.0564815 0.00285237
0 0.0141975 0.516667 0.0283951 0.181481 0.00287676
73 0.678395 0.0125 0.0283951 0.025 0.00291515
0 0.687037 0.0175926 0.082716 0.0351852 0.00298879
67 0.291358 0.45463 0.0271605 0.0388889 0.00299523
0 0.857407 0.240741 0.124691 0.0796296 0.00311452
58 0.585802 0.0189815 0.0555556 0.037963 0.00313052
24 0.934568 0.486111 0.128395 0.22963 0.00317933
0 0.330864 0.399074 0.0617284 0.0722222 0.0032219
58 0.898148 0.203704 0.203704 0.137037 0.00322909
0 0.311111 0.4 0.11358 0.12037 0.00325219
0 0.228395 0.660185 0.135802 0.338889 0.00325314
67 0.175309 0.427315 0.0222222 0.0175926 0.00325989
24 0.975926 0.481944 0.0481481 0.128704 0.00327093
26 0.0419753 0.681019 0.0790123 0.075 0.003285
1 0.859877 0.0328704 0.0604938 0.0657407 0.00336897
10 0.545679 0.657407 0.0469136 0.0907407 0.00337861
26 0.0407407 0.643981 0.0765432 0.112037 0.00340324
1 0.845679 0.0509259 0.0444444 0.0425926 0.00352041
0 0.00740741 0.419444 0.0148148 0.0851852 0.00356218
56 0.904321 0.0532407 0.0654321 0.0787037 0.00360414
0 0.389506 0.587963 0.0975309 0.274074 0.00369516
0 0.124074 0.659259 0.181481 0.335185 0.00375823
32 0.718518 0.599537 0.0123457 0.0101852 0.0037835
0 0.347531 0.398148 0.0481481 0.0574074 0.00384534
26 0.939506 0.544907 0.120988 0.271296 0.00385378
0 0.0271605 0.556019 0.0493827 0.0916667 0.00399775
26 0.37716 0.631481 0.1 0.161111 0.00399898
0 0.0148148 0.544444 0.0296296 0.0611111 0.00406542
73 0.688889 0.012963 0.0246914 0.0259259 0.00407581
67 0.301852 0.460648 0.0259259 0.0268519 0.00407824
0 0.965432 0.570833 0.0691358 0.397222 0.00421078
67 0.169753 0.432407 0.0185185 0.0166667 0.00421132
58 0.872222 0.0435185 0.102469 0.0796296 0.00423765
0 0.766667 0.390278 0.0592593 0.0675926 0.00424379
26 0.378395 0.622222 0.107407 0.346296 0.0043912
0 0.628395 0.0185185 0.0419753 0.037037 0.00460098
2 0.918519 0.537037 0.14321 0.181481 0.00463304
27 0.36358 0.4625 0.0209877 0.0342593 0.00485021
26 0.374074 0.477315 0.140741 0.121296 0.0049394
58 0.712346 0.0240741 0.0271605 0.0481481 0.00505584
26 0.940123 0.564352 0.114815 0.128704 0.0054629
0 0.0469136 0.566667 0.0740741 0.142593 0.0062099
5 0.0419753 0.464815 0.0790123 0.272222 0.006246
67 0.318519 0.48287 0.0469136 0.0342593 0.0063186
0 0.185185 0.702315 0.0864198 0.108333 0.00637978
0 0.167901 0.70787 0.0419753 0.0935185 0.00647552
0 0.00925926 0.535648 0.0185185 0.0453704 0.00671458
26 0.0185185 0.683333 0.037037 0.0574074 0.00677763
7 0.0444444 0.4875 0.0790123 0.315741 0.00679315
0 0.714198 0.388889 0.0901235 0.103704 0.00679558
0 0.932716 0.43287 0.0901235 0.0657407 0.00689595
0 0.0228395 0.719444 0.045679 0.166667 0.00712207
26 0.325309 0.617593 0.0901235 0.2 0.00713161
0 0.712963 0.0189815 0.0259259 0.037963 0.00718089
0 0.0611111 0.584259 0.0901235 0.477778 0.00734969
26 0.307407 0.616667 0.0617284 0.0666667 0.00741138
27 0.361728 0.482407 0.111111 0.0740741 0.00772567
0 0.926543 0.489815 0.134568 0.207407 0.00772751
0 0.0432099 0.40463 0.0592593 0.0759259 0.00779269
26 0.403086 0.497222 0.0432099 0.0703704 0.00789565
67 0.289506 0.477778 0.0185185 0.0222222 0.00859149
27 0.167284 0.448148 0.0259259 0.0277778 0.00861319
67 0.305556 0.472222 0.0308642 0.0203704 0.00892558
27 0.169753 0.431481 0.0209877 0.0148148 0.00914992
0 0.0197531 0.439815 0.0395062 0.216667 0.00920336
0 0.341358 0.435185 0.114815 0.105556 0.00968626
26 0.0209877 0.72037 0.0419753 0.164815 0.0098901
0 0.302469 0.418519 0.0592593 0.0888889 0.00994574
1 0.858025 0.05 0.0790123 0.0555556 0.0107033
0 0.290741 0.431481 0.0333333 0.0796296 0.0108888
5 0.0228395 0.387037 0.0432099 0.109259 0.0108921
0 0.753086 0.407407 0.0938272 0.107407 0.0115372
67 0.304938 0.481944 0.0246914 0.0268519 0.0134143
58 0.623457 0.0203704 0.0395062 0.0388889 0.0159925
26 0.17037 0.715741 0.0444444 0.0759259 0.0160112
1 0.883333 0.0458333 0.0876543 0.0768519 0.0182414
0 0.987037 0.399074 0.0259259 0.0685185 0.0193885
27 0.177778 0.473148 0.0246914 0.0648148 0.0205087
0 0.0592593 0.411111 0.037037 0.0648148 0.0249798
0 0.0432099 0.498148 0.0790123 0.366667 0.0256901
0 0.0259259 0.390278 0.0469136 0.10463 0.0261607
67 0.173457 0.449537 0.0160494 0.0268519 0.0279679
26 0.354321 0.543519 0.140741 0.268519 0.0310135
26 0.333333 0.618519 0.0518519 0.0555556 0.0313786
26 0.338889 0.613426 0.117284 0.0731481 0.0328738
11 0.0203704 0.267593 0.0407407 0.0592593 0.0373952
26 0.385802 0.486574 0.0777778 0.0861111 0.0428143
10 0.830864 0.619907 0.0419753 0.087963 0.0451346
27 0.172222 0.455556 0.0234568 0.0462963 0.04657
27 0.175309 0.451389 0.017284 0.0268519 0.187189
0 0.0419753 0.660648 0.0839506 0.299074 0.534942
5 0.508025 0.468519 0.983951 0.524074 0.849334
0 0.183333 0.602778 0.245679 0.483333 0.851563
0 0.35 0.590278 0.154321 0.425 0.870248
0 0.914815 0.589352 0.17037 0.447222 0.896172
